g1
pa 1 fd 2
318 1 501 13
pa 4 nl
312 1 312 25
pa 1 fd 2
318 1 511 13
pa 4 nl
318 1 502 25
fd 4 nl
511 13 502 25
g2
pa 1 fd 2
312 2 511 14
pa 4 nl
318 2 322 26
fd 1 pa 2
511 14 312 2
pa 4 nl
312 2 402 26
fd 4 nl
510 14 402 26
g3
pa 1 fd 2
322 3 510 15
pa 4 nl
322 3 502 27
fd 1 pa 2
510 15 322 3
fd 4 nl
510 15 409 27
pa 4 nl
322 3 501 27
g4
fd 1 pa 2
511 16 312 4
fd 4 nl
510 16 410 28
pa 1 fd 2
312 4 510 16
pa 4 nl
322 4 410 28
pa 4 nl
312 4 410 28
g5
pa 1 fd 2
323 5 509 17
pa 4 nl
323 5 417 29
fd 1 pa 2
509 17 323 5
fd 4 nl
509 17 411 29
pa 4 nl
323 5 411 29
g6
fd 1 pa 2
510 18 322 6
fd 4 nl
509 18 420 30
pa 1 fd 2
322 6 509 18
pa 4 nl
323 6 417 30
pa 4 nl
318 6 417 30
g7
pa 1 fd 2
402 7 502 19
pa 4 nl
402 7 421 31
fd 1 pa 2
502 19 402 7
fd 4 nl
502 19 420 31
pa 4 nl
402 7 420 31
g8
fd 1 pa 2
509 20 323 8
fd 2 nl 2
502 20 312 32
pa 1 fd 2
323 8 502 20
pa 2 nl 2
402 8 402 32
pa 1 nl 3
409 8 312 32
g9
pa 4 nl
409 9 312 25
pa 1 fd 2
409 9 501 21
pa 4 nl
409 9 312 25
fd 1 pa 2
501 21 417 9
nl 2 fd 2
410 25 501 21
g10
pa 4 nl
410 10 322 26
fd 1 pa 2
511 22 417 10
fd 4 nl
501 22 322 26
pa 1 fd 2
410 10 511 22
nl 2 pa 2
411 26 417 10
g11
fd 4 nl
502 23 323 27
pa 1 fd 2
410 11 502 23
pa 4 nl
410 11 323 27
fd 1 pa 2
511 23 420 11
nl 2 pa 2
417 27 420 11
g12
pa 4 nl
411 12 410 28
fd 1 pa 2
501 24 420 12
fd 4 nl
501 24 402 28
pa 1 fd 2
411 12 501 24
pa 1 nl 3
420 12 323 28
g13
fd 4 nl
501 13 417 29
fd 1 pa 2
501 13 421 1
fd 3 pa
421 13 421 1
nl 2 pa 2
417 29 421 1
nl 2 pa 2
421 29 501 1
g14
nl 2 pa 2
417 30 417 2
fd 1 pa 2
421 14 501 2
pa 4 nl
417 2 417 30
nl 2 fd 2
409 30 510 14
pa 1 fd 2
501 2 511 14
g15
nl 2 pa 2
420 31 420 3
fd 1 pa 2
420 15 509 3
pa 4 nl
420 3 502 31
nl 2 fd 2
420 31 509 15
fd 1 pa 2
509 15 502 3
g16
pa 1 fd 2
421 4 501 16
pa 1 fd 2
411 4 511 16
fd 4 nl
411 16 501 32
nl 2 pa 2
421 32 501 4
4 pa nl
509 4 421 32
g17
fd 1 pa 2
501 17 421 5
nl 2 pa 2
417 25 510 5
nl 2 fd 2
402 25 501 17
nl 2 pa 2
501 25 502 5
fd 1 pa 2
502 17 510 5
g18
3 nl 1 fd
318 26 411 18
3 pa fd
311 6 411 18
3 nl 1 pa
318 26 318 6
3 fd pa
411 18 318 6
3 nl 1 pa
410 26 318 6
g19
3 nl 1 pa
411 27 318 7
3 nl 1 pa
312 27 409 7
3 nl 1 fd
417 27 409 19
3 pa fd
312 7 312 19
3 fd pa
409 19 312 7
g20
3 nl 1 fd
311 28 409 20
3 nl 1 pa
322 28 318 8
3 nl 1 pa
420 28 410 8
3 fd pa
409 20 322 8
3 fd pa
402 20 322 8
g21
fd 3 pa
311 21 402 9
3 nl 1 pa
323 29 402 9
3 fd pa
410 21 501 9
3 nl 1 fd
318 29 323 21
3 nl 1 pa
322 29 323 9
g22
3 pa 1 nl
410 10 420 30
3 nl 1 fd
402 30 323 22
3 pa fd
411 10 411 22
4 pa 2
410 10
pa 1 nl fd
501 10 318 30 409 22
g23
3 pa 1 nl
402 11 421 31
fd 3 pa
311 23 311 11
3 nl 1 pa
409 31 420 11
pa 1 fd 2
311 11 311 23
nl 2 fd 2
311 31 411 23
g24
3 pa 1 nl
409 12 501 32
3 fd 1 nl
411 24 501 32
pa 1 fd 2
311 12 311 24
3 pa 1 nl
323 12 501 32
3 fd pa
421 24 311 12